21
22
23
25
53
80
81
88
110
111
135
139
143
161
389
443
445
465
502
512
513
514
515
548
554
587
623
636
873
902
993
995
1080
1099
1194
1433
1434
1521
1723
1883
2049
2121
2181
2200
2222
2375
2376
2379
2380
3000
3128
3268
3269
3306
3389
3690
4369
4444
4848
5000
5432
5601
5631
5672
5900
5984
6000
6379
6443
6666
7001
7474
7687
8000
8080
8081
8086
8088
8089
8090
8161
8180
8443
8500
8834
8848
8880
8888
9000
9001
9042
9080
9090
9092
9160
9200
9300
9418
9443
9999
10000
10051
10250
10255
11211
15672
27017
27018
50000
50070
61616
